133 
19 
51 
28 
28 
36 
57 
26 
28 
65 
33 
46 
39 
36 
51 
28 
28 
36 
51 
28 
28 
36 
51 
33 
31 
57 
42 
36 
51 
28 
28 
36 
50 
38 
39 
65 
38 
65 
50 
42 
26 
57 
20 
50 
50 
52 
65 
31 
57 
40 
31 
55 
31 
40 
30 
38 
46 
59 
65 
31 
28 
65 
56 
38 
41 
41 
46 
26 
39 
65 
58 
26 
65 
43 
32 
25 
65 
25 
32 
27 
45 
26 
40 
65 
30 
33 
65 
50 
31 
65 
42 
26 
28 
65 
32 
55 
26 
27 
65 
28 
43 
26 
65 
39 
58 
38 
46 
46 
26 
39 
28 
65 
31 
57 
54 
32 
57 
55 
26 
57 
31 
26 
57 
54 
26 
39 
39 
60 
65 
50 
31 
28 
48 
39 
65 
46 
31 
45 
26 
65 
25 
38 
65 
22 
22 
22 
38 
65 
25 
38 
55 
26 
65 
32 
41 
65 
31 
27 
27 
38 
22 
31 
28 
38 
28 
31 
32 
57 
65 
25 
38 
39 
43 
26 
39 
65 
32 
55 
26 
27 
65 
58 
26 
65 
25 
43 
26 
57 
65 
50 
58 
29 
65 
50 
25 
31 
20 
50 
41 
31 
65 
54 
32 
57 
57 
26 
54 
28 
31 
32 
57 
65 
40 
27 
32 
33 
39 
65 
41 
32 
27 
65 
38 
65 
39 
33 
46 
31 
28 
65 
39 
26 
54 
32 
57 
40 
59 
65 
32 
27 
65 
25 
43 
26 
57 
65 
50 
31 
65 
54 
38 
57 
48 
28 
65 
41 
31 
57 
40 
65 
58 
29 
65 
33 
43 
32 
57 
26 
65 
54 
43 
38 
27 
42 
26 
27 
60 
65 
50 
31 
28 
39 
35 
22 
22 
48 
39 
65 
38 
46 
58 
32 
39 
28 
65 
54 
32 
58 
31 
54 
38 
46 
65 
43 
32 
25 
65 
28 
43 
26 
27 
22 
39 
26 
65 
28 
27 
31 
55 
31 
38 
46 
65 
28 
43 
31 
57 
42 
39 
65 
38 
22 
54 
38 
57 
65 
28 
27 
31 
42 
42 
26 
27 
65 
39 
30 
54 
43 
65 
31 
57 
28 
26 
57 
39 
26 
65 
41 
30 
27 
22 
22 
27 
30 
39 
28 
27 
38 
28 
31 
57 
60 
65 
50 
31 
65 
32 
41 
28 
26 
57 
65 
54 
38 
28 
54 
43 
65 
58 
29 
39 
26 
46 
41 
65 
28 
38 
45 
31 
57 
42 
65 
38 
65 
40 
26 
26 
33 
65 
56 
27 
26 
38 
28 
43 
59 
65 
27 
26 
58 
31 
57 
40 
31 
57 
42 
65 
58 
29 
39 
26 
46 
41 
65 
28 
32 
65 
33 
27 
31 
32 
27 
31 
28 
31 
39 
26 
59 
65 
38 
57 
40 
65 
57 
32 
28 
65 
46 
26 
28 
65 
28 
43 
26 
39 
26 
65 
57 
31 
22 
22 
58 
31 
58 
57 
32 
27 
65 
39 
26 
28 
38 
56 
22 
22 
56 
38 
54 
45 
39 
65 
27 
30 
31 
57 
65 
58 
29 
65 
40 
38 
29 
60 
50 
65 
38 
41 
28 
26 
27 
65 
38 
46 
46 
59 
65 
31 
57 
28 
43 
26 
65 
42 
27 
38 
57 
40 
65 
39 
54 
43 
26 
26 
58 
22 
22 
22 
26 
58 
26 
65 
32 
41 
65 
28 
43 
31 
57 
42 
39 
65 
22 
59 
65 
28 
43 
26 
29 
65 
38 
27 
26 
65 
44 
39 
30 
28 
65 
56 
46 
31 
33 
39 
65 
31 
57 
65 
28 
43 
26 
65 
40 
31 
42 
31 
28 
38 
46 
65 
46 
38 
57 
40 
39 
54 
38 
33 
26 
65 
32 
41 
65 
32 
30 
27 
65 
41 
38 
39 
28 
20 
33 
38 
54 
26 
40 
65 
46 
31 
55 
26 
39 
60 
36 
51 
28 
24 
22 
22 
22 
22 
22 
22 
22 
22 
22 
22 
22 
51 
28 
24 
36 
37 
45 
36 
37 
45 
36 
50 
61 
61 
36 
37 
54 
